-0.0604838710 -0.6417748918
-0.0967741935 -0.6417748918
-0.1370967742 -0.6363636364
-0.1814516129 -0.6363636364
-0.2298387097 -0.6363636364
-0.2620967742 -0.6309523810
-0.3064516129 -0.6038961039
-0.3346774194 -0.5551948052
-0.3709677419 -0.5119047619
-0.3911290323 -0.4740259740
-0.4193548387 -0.4199134199
-0.4395161290 -0.3874458874
-0.4637096774 -0.3441558442
-0.4838709677 -0.3008658009
-0.5040322581 -0.2629870130
-0.5282258065 -0.1980519481
-0.5322580645 -0.1168831169
-0.5403225806 -0.0519480519
-0.5403225806 0.0508658009
-0.5362903226 0.1158008658
-0.5443548387 0.1969696970
-0.5483870968 0.2781385281
-0.5282258065 0.3106060606
-0.5000000000 0.3484848485
-0.4556451613 0.3809523810
-0.4193548387 0.4188311688
-0.3790322581 0.4512987013
-0.3387096774 0.5054112554
-0.2822580645 0.5432900433
-0.2379032258 0.5541125541
-0.2056451613 0.5595238095
-0.1693548387 0.5703463203
-0.1169354839 0.5919913420
-0.0725806452 0.5919913420
-0.0362903226 0.6028138528
0.0080645161 0.6028138528
0.0524193548 0.6082251082
0.1008064516 0.6082251082
0.1411290323 0.5811688312
0.1733870968 0.5541125541
0.1814516129 0.5162337662
0.2016129032 0.4729437229
0.2096774194 0.4242424242
0.2177419355 0.3538961039
0.2258064516 0.2781385281
0.2298387097 0.2077922078
0.2338709677 0.1753246753
0.2298387097 0.1266233766
0.2217741935 0.0725108225
0.2177419355 0.0292207792
0.2096774194 -0.0032467532
0.1895161290 -0.0248917749
0.1572580645 -0.0465367965
0.1209677419 -0.0627705628
0.0927419355 -0.0790043290
0.0524193548 -0.1114718615
0.0241935484 -0.1385281385
0.0040322581 -0.1493506494
-0.0282258065 -0.1872294372
-0.0564516129 -0.2034632035
-0.0766129032 -0.2142857143
-0.0967741935 -0.2196969697
-0.1290322581 -0.2413419913
-0.1451612903 -0.2738095238
-0.1491935484 -0.3225108225
-0.1370967742 -0.3333333333
-0.1169354839 -0.3495670996
-0.0927419355 -0.3712121212
-0.0725806452 -0.3874458874
-0.0564516129 -0.3982683983
-0.0362903226 -0.4307359307
-0.0322580645 -0.4632034632
-0.0282258065 -0.5010822511
-0.0282258065 -0.5227272727
-0.0241935484 -0.5660173160
-0.0282258065 -0.5984848485
