0.2982895672 -1.1551947594
0.2042250484 -1.1551947594
0.0997088701 -1.1454545259
-0.0152588952 -1.1454545259
-0.1406782269 -1.1454545259
-0.2242911011 -1.1357141733
-0.3392589092 -1.0870128870
-0.4124202430 -0.9993506074
-0.5064847469 -0.9214285612
-0.5587427616 -0.8532466888
-0.6319040060 -0.7558441162
-0.6841620803 -0.6974025965
-0.7468717694 -0.6194804907
-0.7991297841 -0.5415584445
-0.8513879776 -0.4733766317
-0.9140976071 -0.3564935029
-0.9245494008 -0.2103895992
-0.9454526305 -0.0935064927
-0.9454526305 0.0915584341
-0.9350010157 0.2084415555
-0.9559041858 0.3545454443
-0.9663558006 0.5006493330
-0.9140976071 0.5590909123
-0.8409363627 0.6272727251
-0.7259685993 0.6857143044
-0.6319040060 0.7538960576
-0.5273878574 0.8123376369
-0.4228718281 0.9097402692
-0.2765492201 0.9779220223
-0.1615814269 0.9974025488
-0.0779685229 1.0071429014
0.0160959587 1.0266232491
0.1519669592 1.0655844212
0.2669346929 1.0655844212
0.3609992266 1.0850648880
0.4759669602 1.0850648880
0.5909347534 1.0948051214
0.7163540125 1.0948051214
0.8208701611 1.0461038351
0.9044831991 0.9974025488
0.9253863692 0.9292207360
0.9776443839 0.8512986898
0.9985476136 0.7636363506
1.0194507837 0.6370129585
1.0403540134 0.5006493330
1.0508056879 0.3740259707
1.0612573624 0.3155844212
1.0508056879 0.2279220670
1.0299024582 0.1305194795
1.0194507837 0.0525973998
0.9985476136 -0.0058441558
0.9462895989 -0.0448051952
0.8626766801 -0.0837662295
0.7686121464 -0.1129870042
0.6954508424 -0.1422078013
0.5909347534 -0.2006493509
0.5177733898 -0.2493506372
0.4655153453 -0.2688311636
0.3819024861 -0.3370129764
0.3087411523 -0.3662337363
0.2564830780 -0.3857142925
0.2042250484 -0.3954545259
0.1206121221 -0.4344155788
0.0788056627 -0.4928571284
0.0683540180 -0.5805194378
0.0997088701 -0.6000000238
0.1519669592 -0.6292207241
0.2146766186 -0.6681818366
0.2669346929 -0.6974025965
0.3087411523 -0.7168831229
0.3609992266 -0.7753246427
0.3714508414 -0.8337662220
0.3819024861 -0.9019480348
0.3819024861 -0.9409090281
0.3923541009 -1.0188311338
0.3819024861 -1.0772727728
